[LEFT_CAM_2K]
fx=1062.77
fy=1063.06
cx=1073.21
cy=604.99
k1=-0.0534455
k2=0.0261802
p1=0.000217815
p2=-0.000147426
k3=-0.0101115

[RIGHT_CAM_2K]
fx=1059.21
fy=1058.64
cx=1127.35
cy=652.944
k1=-0.0582078
k2=0.0346938
p1=-0.000257306
p2=-0.000551395
k3=-0.0141526

[LEFT_CAM_FHD]
fx=1062.77
fy=1063.06
cx=929.21
cy=523.99
k1=-0.0534455
k2=0.0261802
p1=0.000217815
p2=-0.000147426
k3=-0.0101115

[RIGHT_CAM_FHD]
fx=1059.21
fy=1058.64
cx=983.35
cy=571.944
k1=-0.0582078
k2=0.0346938
p1=-0.000257306
p2=-0.000551395
k3=-0.0141526

[LEFT_CAM_HD]
fx=531.385
fy=531.53
cx=623.105
cy=350.495
k1=-0.0534455
k2=0.0261802
p1=0.000217815
p2=-0.000147426
k3=-0.0101115

[RIGHT_CAM_HD]
fx=529.605
fy=529.32
cx=650.175
cy=374.472
k1=-0.0582078
k2=0.0346938
p1=-0.000257306
p2=-0.000551395
k3=-0.0141526

[LEFT_CAM_VGA]
fx=265.6925
fy=265.765
cx=327.0525
cy=182.7475
k1=-0.0534455
k2=0.0261802
p1=0.000217815
p2=-0.000147426
k3=-0.0101115

[RIGHT_CAM_VGA]
fx=264.8025
fy=264.66
cx=340.5875
cy=194.736
k1=-0.0582078
k2=0.0346938
p1=-0.000257306
p2=-0.000551395
k3=-0.0141526

[LEFT_DISTO]
k1=-1.40858
k2=2.69206
k3=0.0946866
k4=-1.3191
k5=2.54198
k6=0.2601
p1=0.000143943
p2=-0.000170681

[RIGHT_DISTO]
k1=-1.56486
k2=3.09721
k3=0.0106905
k4=-1.47805
k5=2.94934
k6=0.182991
p1=-0.000265702
p2=-0.000690854

[STEREO]
Baseline=119.795
TY=-0.150872
TZ=0.363189
CV_2K=0.00452981
CV_FHD=0.00452981
CV_HD=0.00452981
CV_VGA=0.00452981
RX_2K=0.00220073
RX_FHD=0.00220073
RX_HD=0.00220073
RX_VGA=0.00220073
RZ_2K=0.00327589
RZ_FHD=0.00327589
RZ_HD=0.00327589
RZ_VGA=0.00327589

[MISC]
Sensor_ID=0
